1520621176086893824.000000 -0.050263058 0.066692047 0.037137039 -0.011265883 0.006274430 -0.998596787 -0.051364131
1520621177386938624.000000 -0.025877114 0.029468186 0.031198956 -0.029014463 -0.029806830 -0.998022616 -0.047122736
1520621180136997120.000000 -0.392530948 0.248476043 0.192309916 -0.032606501 0.015424183 -0.998198748 -0.047941431
1520621183087203072.000000 1.094513774 0.108371004 0.217694625 0.007275352 -0.027332135 -0.993961036 -0.106026247
1520621185537187584.000000 -0.531075120 -0.214565545 0.086853571 -0.025289258 -0.056085616 -0.979926825 0.189626813
1520621188088211200.000000 0.830998421 0.119635388 0.171806261 -0.006948032 -0.040636178 -0.954742968 -0.294561356
1520621191037292288.000000 0.585686028 -0.028622568 0.011406273 -0.016060267 -0.136807352 -0.965593338 -0.220579892
1520621193837368320.000000 0.462295085 -0.112386294 0.357062817 0.033238549 0.011996846 -0.998423159 -0.043617167
1520621196787677952.000000 -0.030488281 -0.058433384 0.390964568 0.011898885 0.164578989 -0.982681692 -0.084314719
1520621198887620096.000000 -0.477857500 0.029360995 0.319339037 -0.036106009 0.065116554 -0.997139096 0.013036869
1520621200887634944.000000 0.324169189 -0.064126372 0.239018485 -0.038599063 0.059987631 -0.997290492 -0.017985199
1520621202287795456.000000 1.275070190 0.171596050 -0.080451876 -0.000224436 -0.023712110 -0.967625976 -0.251272172
1520621202638236928.000000 1.551073670 0.327453196 -0.077488929 -0.001166093 -0.014199892 -0.950076878 -0.311690420
1520621202788241920.000000 1.661322236 0.420965075 -0.103217915 -0.027466344 -0.027799403 -0.950441778 -0.308436722
1520621203088748032.000000 1.846564889 0.637731612 -0.075081684 -0.034032587 -0.033645045 -0.960459948 -0.274274647
1520621203288755200.000000 1.950067043 0.805801392 -0.095062733 -0.035631213 -0.011450693 -0.965898335 -0.256202608
1520621203388758016.000000 2.003421307 0.894688725 -0.107665472 -0.027731491 -0.018433409 -0.965121090 -0.259677857
1520621203689362688.000000 2.164747477 1.156893015 -0.078829095 0.010415668 -0.031878699 -0.950726986 -0.308210105
1520621203789365760.000000 2.215652227 1.241936922 -0.079103239 0.010487784 -0.005483806 -0.948185444 -0.317497134
1520621203939509504.000000 2.288233280 1.372101903 -0.092305429 0.010385492 0.013268799 -0.949375570 -0.313691050
1520621204139515392.000000 2.381465197 1.542459607 -0.095303074 0.026281003 0.018111989 -0.956045151 -0.291477263
1520621204389442304.000000 2.469557762 1.736070752 -0.072790474 0.009409448 0.005070384 -0.964853942 -0.262569427
1520621204539447296.000000 2.521906376 1.850744367 -0.086002782 0.024867317 0.013120912 -0.960000873 -0.278581619
1520621204639450368.000000 2.557407856 1.929802179 -0.092925034 0.022831827 0.013737823 -0.950959802 -0.308164865
1520621205188910336.000000 2.796083450 2.296289444 -0.069992185 0.002858150 0.008712233 -0.884554982 -0.466345966
1520621205288913152.000000 2.860848904 2.349692345 -0.071324967 0.012863861 0.036779489 -0.869053364 -0.493181735
1520621205388916224.000000 2.928947926 2.399019718 -0.067832805 0.020003855 0.042605639 -0.854421735 -0.517443895
1520621205688823296.000000 3.127101183 2.505599737 -0.042827699 0.010097973 0.049575288 -0.806925952 -0.588481724
1520621205939072768.000000 3.310127735 2.577519178 -0.058286205 0.016356926 0.035630625 -0.758632481 -0.650338173
1520621206039075840.000000 3.386368752 2.611950159 -0.066069476 0.012220887 0.034440652 -0.743184030 -0.668088317
1520621206139079936.000000 3.465634584 2.641498089 -0.068772621 0.000203592 0.018812986 -0.724476457 -0.689042807
1520621206339902208.000000 3.640724897 2.666602612 -0.073124602 -0.003445968 0.009426130 -0.688321292 -0.725336611
1520621206439906048.000000 3.742237806 2.667555332 -0.090239808 -0.002582985 -0.000106111 -0.677166820 -0.735825002
1520621206589911040.000000 3.919646978 2.661524534 -0.124354094 0.016367523 0.009301277 0.673307240 0.739123166
1520621206689913088.000000 4.054364681 2.656343460 -0.150391579 0.036030605 0.006814601 0.680451035 0.731875539
1520621206791338752.000000 4.209097385 2.648415804 -0.180847228 0.044434205 0.001473337 0.681924164 0.730070472
1520621206891341824.000000 4.377381802 2.634876490 -0.171435744 0.028980056 -0.024031226 0.678374588 0.733751118
1520621207041346816.000000 4.653672218 2.601631880 -0.126863569 -0.040151760 0.033812851 -0.683263958 -0.728282154
1520621207291377920.000000 5.166055679 2.473295689 -0.155329183 0.020094916 0.004650104 -0.612076342 -0.790529668
1520621207391380992.000000 5.383831978 2.416879416 -0.131199583 0.003029442 -0.007968981 -0.607200503 -0.794502974
1520621207491384064.000000 5.615312099 2.370154619 -0.115707956 -0.006758296 0.002560023 -0.615320683 -0.788243830
1520621207590077184.000000 5.859028816 2.330390930 -0.134153545 0.006385221 0.007600617 -0.634795427 -0.772616446
1520621207690080256.000000 6.119433403 2.297168255 -0.141285256 0.017391615 0.005740919 -0.653566122 -0.756647825
1520621207790083328.000000 6.392052174 2.266880989 -0.110683106 -0.002375162 0.000963184 -0.669380665 -0.742915273
1520621207890086144.000000 6.677178860 2.218430519 -0.096404061 0.002620978 0.012337333 -0.661725581 -0.749640107
1520621207989126144.000000 6.963809490 2.152103662 -0.121505432 0.022034498 0.024619564 -0.640411258 -0.767321229
1520621208089129984.000000 7.251043320 2.078525543 -0.127413064 0.037826583 0.003427204 -0.628435552 -0.776933849
1520621208239135232.000000 7.687695026 1.976587057 -0.099138118 0.009190796 0.008827981 -0.628125846 -0.778007329
1520621208340983808.000000 8.000814438 1.923194766 -0.121875063 0.031680107 0.009606224 -0.637230158 -0.769962251
1520621208440986624.000000 8.309960365 1.891897917 -0.134277016 0.036324136 0.021817125 -0.661253750 -0.748964667
1520621208590990848.000000 8.777902603 1.858884573 -0.098754272 -0.008215901 0.021953963 -0.682000875 -0.730975628
1520621208741080832.000000 9.264456749 1.777187586 -0.129486382 -0.000079225 0.030573968 -0.655740142 -0.754367292
1520621208844714240.000000 9.595693588 1.698524833 -0.134326831 0.013205541 0.014898878 -0.631480277 -0.775136352
1520621208994719232.000000 10.075194359 1.590981364 -0.098112285 0.015784683 -0.020377653 0.622201741 0.782432497
1520621209144723200.000000 10.569004059 1.517872572 -0.132100970 0.031759530 0.022564381 -0.631266773 -0.774586678
1520621209294505216.000000 11.058898926 1.494525552 -0.107061058 0.031697258 -0.034015559 0.662453711 0.747658610
1520621209444510208.000000 11.570273399 1.435355544 -0.110829800 0.023975404 -0.047132947 0.647884667 0.759900689
1520621209593272832.000000 12.077207565 1.331426263 -0.127724677 -0.001167126 0.013280960 -0.615057826 -0.788369358
1520621209693276928.000000 12.411162376 1.257393003 -0.088633239 0.034702063 -0.019415794 0.614257932 0.788102806
1520621209793279744.000000 12.758366585 1.186921716 -0.077873625 0.010946215 -0.048700087 0.605654001 0.794161081
1520621209943284736.000000 13.274024010 1.116520643 -0.089000031 0.000579544 0.017448533 -0.638910532 -0.769082904
1520621210039826432.000000 13.602849960 1.094376802 -0.051657870 -0.008555016 0.009155142 -0.655868888 -0.754770875
1520621210139829504.000000 13.950203896 1.055465221 -0.039080031 0.019975137 -0.024682404 0.651723623 0.757791638
1520621210239832576.000000 14.291712761 1.002133369 -0.060850412 0.008556505 0.044185158 -0.640443921 -0.766685009
1520621210339835392.000000 14.621038437 0.934879363 -0.063938588 0.021715289 0.039096367 -0.626380980 -0.778233111
1520621210389513216.000000 14.778975487 0.901447296 -0.054820165 -0.002733437 0.025146846 -0.619676113 -0.784449995
1520621210489517312.000000 15.102647781 0.844476581 -0.046357796 0.022493491 -0.037018690 0.624696732 0.779665112
1520621210589520384.000000 15.430741310 0.793864250 -0.077762216 0.005321863 0.036683701 -0.627440453 -0.777781725
1520621210689523200.000000 15.752024651 0.761670887 -0.107666619 0.008400442 0.023008376 -0.651290059 -0.758433521
1520621210789526272.000000 16.070869446 0.746769845 -0.093828447 0.021462813 -0.028997470 0.665292621 0.745710552
1520621210892196352.000000 16.404718399 0.714200020 -0.093698747 0.039076094 -0.028700959 0.653949499 0.754982948
1520621210992199424.000000 16.731569290 0.666176856 -0.115589663 0.007679920 0.048554141 -0.635767758 -0.770313561
1520621211142204416.000000 17.218023300 0.573828697 -0.107861087 0.019123206 -0.016465498 0.617311537 0.786314011
1520621211239849216.000000 17.532489777 0.516696692 -0.077627681 0.023563838 -0.036891349 0.618904948 0.784245193
1520621211339853312.000000 17.866113663 0.464020193 -0.087135263 -0.006967824 0.040737569 -0.624342322 -0.780056715
1520621211439856128.000000 18.198324203 0.427516401 -0.100615464 0.004316234 0.038286738 -0.642472982 -0.765339136
1520621211539859200.000000 18.522045135 0.402812719 -0.078509159 0.014045557 -0.034148123 0.657620668 0.752443731
1520621211741176064.000000 19.173278809 0.306541890 -0.092261463 -0.007116727 0.041288588 -0.641053319 -0.766351998
1520621211841178880.000000 19.492586136 0.236693025 -0.102385610 0.024760107 0.017204840 -0.624790847 -0.780209839
1520621211941181952.000000 19.802448273 0.165859640 -0.082294255 0.003257803 0.008485945 -0.622314155 -0.782714844
1520621212046808320.000000 20.138105392 0.101848811 -0.079900660 -0.006056014 0.033986233 -0.630251288 -0.775623322
1520621212146811136.000000 20.461387634 0.052913345 -0.107105069 0.010709953 0.026785452 -0.641292095 -0.766754329
1520621212246814208.000000 20.783981323 0.022295907 -0.104690678 -0.001643032 0.017335977 -0.661282837 -0.749934494
1520621212346817280.000000 21.106180191 -0.007427987 -0.083661668 0.018596750 -0.014738476 0.657674909 0.752928138
1520621212446821120.000000 21.433784485 -0.058090106 -0.088385388 -0.001173810 0.023212790 -0.641907632 -0.766429603
1520621212646827264.000000 22.081254959 -0.192295551 -0.085517943 0.029651757 0.009015651 -0.590645432 -0.806335866
1520621212746830080.000000 22.399398804 -0.247779876 -0.059827060 0.017683007 0.042152882 -0.590919375 -0.805434585
1520621212845879296.000000 22.717689514 -0.296327472 -0.073093474 0.010977951 0.053605217 -0.593746841 -0.802789330
1520621212945882112.000000 23.033267975 -0.324811280 -0.081272282 0.023125153 0.051727183 -0.616755188 -0.785113096
1520621213045886208.000000 23.341104507 -0.337123632 -0.052149571 0.008251452 0.044059936 -0.638333559 -0.768453538
1520621213145889280.000000 23.654134750 -0.363435507 -0.045541942 -0.006705248 0.032036569 -0.640280604 -0.767443419
1520621213292091648.000000 24.107311249 -0.436339945 -0.087463252 0.027357595 0.035184443 -0.617942810 -0.784958839
1520621213392095744.000000 24.407033920 -0.497678429 -0.079692751 -0.004927866 0.012648366 -0.604212821 -0.796707392
1520621213492098816.000000 24.710056305 -0.552691758 -0.062279880 0.017866442 -0.025524640 0.606872976 0.794187963
1520621213592101632.000000 25.022108078 -0.601794124 -0.084322430 0.020466996 -0.039727412 0.614609718 0.787564456
1520621213689566464.000000 25.323743820 -0.628409743 -0.094671957 -0.000883425 0.048332293 -0.646753311 -0.761165857
1520621213789569536.000000 25.625606537 -0.644279599 -0.066665530 0.027494337 -0.023535209 0.659918785 0.750464857
1520621213889572608.000000 25.929929733 -0.676714301 -0.053289421 0.030787434 -0.033534657 0.649982452 0.758584559
1520621213989575680.000000 26.234354019 -0.729314804 -0.071097873 0.004212931 0.056949094 -0.635921657 -0.769638002
1520621214090558720.000000 26.534595490 -0.796952009 -0.081508376 0.015808869 0.029250516 -0.612212420 -0.789994001
1520621214190561536.000000 26.817029953 -0.863553584 -0.064148203 0.019133616 -0.009996493 0.609108031 0.792793453
1520621214290564608.000000 27.108661652 -0.915448785 -0.073763162 0.017746655 -0.020130467 0.623094261 0.781686306
1520621214390567680.000000 27.402467728 -0.949912727 -0.101366371 -0.008260173 0.018928306 -0.635599673 -0.771742642
1520621214491317248.000000 27.692619324 -0.967543125 -0.082116656 -0.040862218 0.047375884 -0.661774814 -0.747087657
1520621214591320064.000000 27.981727600 -0.990491986 -0.054651134 0.053413339 -0.029431660 0.657948136 0.750589728
1520621214691323136.000000 28.277969360 -1.032701492 -0.063626759 0.037260476 -0.028977625 0.652483404 0.756331503
1520621214791326208.000000 28.576028824 -1.092277408 -0.086425506 -0.007524007 0.023246204 -0.632369697 -0.774281263
1520621214889594880.000000 28.864295959 -1.166613579 -0.069879629 0.028893199 -0.012736774 0.609794080 0.791930616
1520621214989597696.000000 29.157970428 -1.235715389 -0.050060190 0.031335924 -0.026286196 0.605278492 0.794962347
1520621215139602688.000000 29.606035233 -1.315801382 -0.082701132 -0.004673135 0.019941567 -0.617102981 -0.786615849
1520621215239605760.000000 29.893518448 -1.340067863 -0.075426236 0.003131961 0.038494412 -0.649705231 -0.759204566
1520621215340771328.000000 30.180047989 -1.359851837 -0.057094179 0.041228570 -0.035467383 0.656072974 0.752735376
1520621215440774400.000000 30.467330933 -1.393005490 -0.066342443 0.041784313 -0.044085838 0.648575723 0.758722663
1520621215540777216.000000 30.754663467 -1.442711473 -0.094435364 -0.009849470 0.035718888 -0.633923888 -0.772507370
1520621215690782208.000000 31.178575516 -1.544900417 -0.084913418 0.040683810 -0.022796357 0.609817386 0.791168630
1520621215893362688.000000 31.760198593 -1.657459021 -0.111040428 0.032569878 -0.009734090 0.618939102 0.784703076
1520621216093369600.000000 32.324707031 -1.714835167 -0.074431963 0.038353916 0.009058014 0.663713574 0.746948004
1520621216194754560.000000 32.616622925 -1.750107050 -0.058410354 0.026926633 -0.023183946 0.659436345 0.750920296
1520621216394760448.000000 33.195915222 -1.868753672 -0.068078049 0.013665115 -0.019804776 0.617042840 0.786561549
1520621216494764544.000000 33.480598450 -1.936523557 -0.052072622 0.036714561 0.000597389 0.607853711 0.793199539
1520621216645746944.000000 33.912490845 -2.012619972 -0.083630167 0.033405989 -0.002150680 0.614438534 0.788254261
1520621216745750016.000000 34.192047119 -2.043743372 -0.097049914 0.030081548 -0.021155823 0.627847672 0.777467012
1520621216845752832.000000 34.470222473 -2.059964657 -0.079110399 0.041960243 -0.011262768 0.633160830 0.772800088
1520621216942623488.000000 34.742401123 -2.078221798 -0.077801026 0.047986440 -0.013242643 0.640367627 0.766453624
1520621217042626560.000000 35.021076202 -2.107961416 -0.099778317 -0.007889014 0.036218852 -0.631805301 -0.774240315
1520621217142629376.000000 35.282485962 -2.154116392 -0.096371464 0.026258444 -0.022481944 0.618305027 0.785177648
1520621217242632448.000000 35.524230957 -2.200139523 -0.063565262 0.028168313 -0.026913946 0.619179487 0.784282506
1520621217339955712.000000 35.760540009 -2.241784573 -0.065628536 0.027476784 -0.040241260 0.623772323 0.780085802
1520621217739967488.000000 36.559532166 -2.294257641 -0.065338165 0.014390782 0.055673901 -0.681567848 -0.729492009
1520621218191467264.000000 37.030868530 -2.380378246 -0.014656447 0.003605067 0.067319907 -0.653882980 -0.753586173
1520621218391473152.000000 37.125869751 -2.404583216 -0.039362118 0.016414668 0.041444026 -0.658723176 -0.751063704
1520621218892042752.000000 37.048309326 -2.358261347 -0.055748433 0.010349314 -0.015608399 0.654248178 0.756048083
1520621219392391936.000000 36.784362793 -2.279652357 -0.049569830 0.039940391 -0.015957408 0.628166676 0.776889145
1520621219942108672.000000 36.451107025 -2.296586037 -0.052902415 0.024838544 0.019630898 0.608246148 0.793116868
1520621220391392512.000000 36.201324463 -2.248688698 -0.059405267 0.013146983 0.031561416 0.629025698 0.776632309
1520621220740561920.000000 36.016605377 -2.232616186 -0.065127216 0.002963863 -0.042859618 -0.659204245 -0.750735760
1520621221190092544.000000 35.854869843 -2.275206089 -0.047317520 -0.014422908 -0.038361669 -0.734700501 -0.677152574
1520621221689977344.000000 35.797489166 -2.314697027 -0.051008672 -0.002627539 -0.062099524 -0.877860665 -0.474865764
1520621222090143232.000000 35.796745300 -2.326854467 -0.067733869 -0.008395672 -0.072619013 -0.957431674 -0.279250056
1520621222190146048.000000 35.794517517 -2.311784267 -0.071043998 -0.011091515 -0.072552562 -0.972940266 -0.219090164
1520621222490801664.000000 35.785598755 -2.229960203 -0.083474867 -0.022255942 -0.072114222 -0.996763885 -0.027678112
1520621222590804736.000000 35.785015106 -2.199271202 -0.077977262 -0.018411340 -0.065878749 -0.997320652 0.025935361
1520621222841702400.000000 35.776756287 -2.145838261 -0.064746894 0.003110128 -0.049110252 -0.984656215 0.167424113
1520621222991707392.000000 35.765209198 -2.128474712 -0.063233562 -0.000173266 -0.048329633 -0.962532401 0.266825289
1520621223292845824.000000 35.747844696 -2.119766235 -0.066884354 0.017456362 -0.061481375 -0.894464374 0.442548245
1520621223494982656.000000 35.707157135 -2.123658657 -0.072682083 0.020011825 -0.075372830 -0.845582485 0.528118193
1520621223744990464.000000 35.581413269 -2.114340782 -0.094995901 0.024517914 -0.085748434 -0.799942851 0.593411744
1520621224096683776.000000 35.244247437 -2.070571184 -0.123080850 0.025402458 -0.083304003 -0.786414385 0.611528873
1520621224497198080.000000 34.699413300 -1.961877465 -0.142185763 0.028363898 -0.062883176 -0.795753896 0.601678491
1520621224697204224.000000 34.356475830 -1.933724642 -0.154954314 0.020748025 -0.058320560 -0.765225530 0.640779376
1520621224897210112.000000 33.988674164 -1.906559467 -0.100634955 0.012950760 -0.075086601 -0.759593844 0.645919025
1520621225097216256.000000 33.577186584 -1.825992227 -0.116859950 -0.007858240 -0.033939414 -0.800176680 0.598751843
1520621225396151552.000000 32.956199646 -1.720205069 -0.102115519 0.007080933 -0.049331486 -0.802426577 0.594666183
1520621225543653120.000000 32.640522003 -1.706810594 -0.107039645 -0.017393447 -0.055653639 -0.776087463 0.627923965
1520621225643656192.000000 32.421554565 -1.695299625 -0.077966392 -0.005055461 -0.064177126 -0.778701901 0.624082685
1520621225793661184.000000 32.074935913 -1.646253943 -0.092935920 -0.004140453 -0.059844065 -0.825165272 0.561697304
1520621225942250752.000000 31.721866608 -1.574461818 -0.094583809 -0.004191336 -0.039415099 -0.849465430 0.526153505
1520621226092255744.000000 31.364313126 -1.511033893 -0.068626791 0.012832807 -0.051482901 -0.848229706 0.526964188
1520621226242260736.000000 30.997823715 -1.472767591 -0.094257005 -0.021315236 -0.037503969 -0.831807673 0.553385198
1520621226390753024.000000 30.629665375 -1.460771322 -0.062999085 -0.013822793 -0.054305967 -0.797052741 0.601304293
1520621226490757120.000000 30.372165680 -1.440173268 -0.046732858 -0.020130679 -0.046408817 -0.799040377 0.599145710
1520621226590759936.000000 30.110076904 -1.406395555 -0.072413512 -0.021363562 -0.041262202 -0.807337046 0.588258386
1520621226690763008.000000 29.844850540 -1.360379815 -0.077653311 -0.008231808 -0.044258848 -0.812807262 0.580790699
1520621226789823488.000000 29.584712982 -1.309566140 -0.049881525 0.002444131 -0.063794084 -0.820439875 0.568157375
1520621226889826560.000000 29.311151505 -1.267350554 -0.051464692 -0.012225466 -0.065300934 -0.816402793 0.573648810
1520621226989829376.000000 29.038738251 -1.234622836 -0.079372644 -0.023431811 -0.050524071 -0.810695887 0.582812548
1520621227089832448.000000 28.768075943 -1.215926528 -0.068992779 -0.043658547 -0.057538670 -0.790944040 0.607610762
1520621227191662848.000000 28.490880966 -1.196526766 -0.047391076 -0.014876709 -0.060824655 -0.787586331 0.613014519
1520621227291666688.000000 28.214145660 -1.160702825 -0.057638351 -0.026910612 -0.047414470 -0.790545046 0.609972358
1520621227391669760.000000 27.937335968 -1.108940363 -0.086853333 -0.025117738 -0.033321153 -0.803812087 0.593418121
1520621227491672832.000000 27.664787292 -1.047235131 -0.073196009 -0.003590318 -0.053527411 -0.812857985 0.579986095
1520621227592082432.000000 27.386577606 -0.989707112 -0.050572798 -0.012158227 -0.073904306 -0.810800672 0.580510676
1520621227692086272.000000 27.098625183 -0.937880754 -0.065283641 -0.014064230 -0.074300081 -0.806657314 0.586161911
1520621227842090240.000000 26.665235519 -0.891371727 -0.060657643 -0.037914425 -0.045715898 -0.777608514 0.625937402
1520621227990364416.000000 26.232435226 -0.846448362 -0.028333887 -0.022348801 -0.057782836 -0.777008355 0.626434147
1520621228090368256.000000 25.927827835 -0.791907609 -0.048761405 -0.020435553 -0.043975640 -0.796941161 0.602107406
1520621228190371328.000000 25.625059128 -0.719909906 -0.053361725 -0.042529892 -0.004053586 -0.818136096 0.573435426
1520621228290374400.000000 25.333862305 -0.644832432 -0.030717552 -0.000344784 -0.035874449 -0.830384552 0.556034505
1520621228441737216.000000 24.886577606 -0.551416397 -0.036219720 -0.021078914 -0.049124829 -0.824886680 0.562765002
1520621228541741056.000000 24.588134766 -0.509694755 -0.054461285 -0.033153657 -0.023333805 -0.814342082 0.578967571
1520621228641744128.000000 24.289680481 -0.489321113 -0.032674756 -0.030151000 -0.037477743 -0.789760649 0.611526370
1520621228741747200.000000 23.985630035 -0.462730736 -0.017070606 -0.025080714 -0.045835868 -0.787638307 0.613918483
1520621228846447104.000000 23.663431168 -0.415852755 -0.041667238 -0.052263930 -0.033833668 -0.800766230 0.595732629
1520621228946450176.000000 23.367408752 -0.358248651 -0.063241050 -0.089617647 -0.002501936 -0.810316443 0.579093814
1520621229046452992.000000 23.076456070 -0.299605310 -0.051895108 -0.023932153 -0.041334048 -0.825397015 0.562528670
1520621229146456064.000000 22.773605347 -0.252519131 -0.040278956 -0.016684046 -0.050425965 -0.819724202 0.570290446
1520621229247346176.000000 22.457889557 -0.214086115 -0.062062833 -0.037195291 -0.025990967 -0.819547117 0.571212232
1520621229347350272.000000 22.145189285 -0.190761805 -0.072073728 -0.048179701 -0.032088783 -0.802426517 0.593936563
1520621229447353088.000000 21.839599609 -0.169876665 -0.050055318 -0.042612512 -0.048128493 -0.798573852 0.598454356
1520621229547355136.000000 21.531713486 -0.136997238 -0.056296363 -0.043728627 -0.060612973 -0.803238094 0.590950549
1520621229747361280.000000 20.925405502 -0.018023342 -0.088891253 -0.018706476 -0.013318685 -0.838328600 0.544681430
1520621229847364096.000000 20.633302689 0.043525241 -0.071788922 -0.009281473 -0.031616833 -0.841345847 0.539491892
1520621229947367168.000000 20.330848694 0.094044276 -0.087286994 -0.019250195 -0.034062717 -0.840759277 0.539993644
1520621230044345600.000000 20.034229279 0.126115501 -0.110931069 -0.039617267 -0.020281430 -0.830074430 0.555873811
1520621230194349568.000000 19.568981171 0.150637269 -0.072297528 -0.037271552 -0.042999085 -0.801109135 0.595807195
1520621230344354560.000000 19.093168259 0.207529828 -0.071513131 -0.052953500 -0.025461163 -0.810191989 0.583212435
1520621230440476928.000000 18.791257858 0.266929686 -0.085871011 -0.072344229 0.010528458 -0.824795425 0.560685217
1520621230540480000.000000 18.483623505 0.340885073 -0.068173982 -0.029104088 -0.023835147 -0.846707225 0.530727446
1520621230640482816.000000 18.179801941 0.406674981 -0.045755986 -0.037713606 -0.044091694 -0.854924023 0.515498281
1520621230740485888.000000 17.868148804 0.460403144 -0.068759680 -0.037699908 -0.033701792 -0.851448715 0.521994352
1520621230840572160.000000 17.554458618 0.490287572 -0.089642301 -0.042481456 -0.011226134 -0.826822817 0.560743690
1520621230940577280.000000 17.241899490 0.501540899 -0.056541272 -0.018431481 -0.015338287 -0.805064380 0.592702568
1520621231040579328.000000 16.919822693 0.526041865 -0.040504277 -0.028353959 -0.027351784 -0.805648506 0.591082394
1520621231140582144.000000 16.597753525 0.569949865 -0.065808415 -0.048417691 -0.006521972 -0.823696196 0.564922869
1520621231242117888.000000 16.271354675 0.636533201 -0.077563629 -0.043431971 0.006441572 -0.844744861 0.533365071
1520621231342120704.000000 15.958690643 0.708879054 -0.057371743 -0.029596951 -0.044902425 -0.860145271 0.507206023
1520621231442124800.000000 15.640500069 0.771796227 -0.062677495 -0.038216822 -0.036601987 -0.865818739 0.497551709
1520621231542126848.000000 15.321822166 0.819688499 -0.096321061 -0.022775160 -0.029951124 -0.859887540 0.509095073
1520621231639947520.000000 15.011707306 0.847018242 -0.091620699 -0.037739217 -0.028834352 -0.834658146 0.548716903
1520621231739951360.000000 14.698400497 0.871491492 -0.079365961 0.011329517 -0.059691451 -0.824865997 0.562054038
1520621231839954432.000000 14.384631157 0.910711467 -0.086429745 -0.022906836 -0.050339036 -0.833627641 0.549551070
1520621231939957504.000000 14.069170952 0.966093183 -0.113811940 -0.025210049 -0.012011182 -0.852629244 0.521769762
1520621232091159296.000000 13.602765083 1.070466042 -0.090628639 -0.004662394 -0.023789315 -0.860246718 0.509301543
1520621232191162368.000000 13.284168243 1.131829619 -0.080551639 -0.016976293 -0.015712302 -0.861099660 0.507909775
1520621232291165184.000000 12.959106445 1.178153992 -0.106130332 -0.032718882 -0.020007879 -0.848341286 0.528059065
1520621232391168256.000000 12.641284943 1.200252056 -0.099561594 -0.048944809 -0.024098793 -0.820451498 0.569107234
1520621232496532480.000000 12.316884995 1.223382592 -0.062865205 -0.037646327 -0.033560257 -0.809994161 0.584265351
1520621232646537472.000000 11.846122742 1.292622685 -0.074136719 -0.048759203 -0.034930944 -0.815903068 0.575069249
1520621232746540544.000000 11.535930634 1.361702800 -0.084393591 -0.035591565 0.013984550 -0.839553058 0.541930258
1520621232897250816.000000 11.089477539 1.481204510 -0.051234599 -0.016707269 -0.001032954 -0.859109163 0.511518657
1520621233047255808.000000 10.634286880 1.573718429 -0.079302050 -0.023473289 -0.011922791 -0.853902698 0.519766331
1520621233147257856.000000 10.332055092 1.604974389 -0.088171557 -0.044670958 -0.002138805 -0.825086594 0.563233674
1520621233247260928.000000 10.042484283 1.626798034 -0.066272020 -0.026941445 -0.038716368 -0.800922632 0.596907079
1520621233343256064.000000 9.761038780 1.665214896 -0.059721891 -0.036908876 -0.039041776 -0.808502853 0.586034775
1520621233443259136.000000 9.462964058 1.725813031 -0.081170015 -0.051780671 -0.015801501 -0.824416518 0.563388526
1520621233543262208.000000 9.171422005 1.805223584 -0.079359837 -0.023097286 0.012022107 -0.849972486 0.526183128
1520621233643265024.000000 8.890902519 1.887124658 -0.045124166 -0.002707672 -0.025916528 -0.856078744 0.516188204
1520621233741419776.000000 8.605026245 1.951414227 -0.035101138 -0.024357285 -0.006936946 -0.852209091 0.522588134
1520621233891424768.000000 8.167234421 2.019681454 -0.062856853 -0.051680405 -0.008450283 -0.840321064 0.539553642
1520621233991427840.000000 7.879760742 2.040863514 -0.040829815 -0.061729729 -0.023878044 -0.826759040 0.558649123
1520621234139794688.000000 7.445517540 2.088429928 -0.034724087 -0.038712215 -0.029022502 -0.827994108 0.558645666
1520621234239798784.000000 7.153644085 2.141794443 -0.056141481 -0.049796224 0.004017675 -0.844985783 0.532450199
1520621234339800832.000000 6.868108273 2.214264631 -0.044632744 -0.046216618 0.003795082 -0.865864813 0.498124361
1520621234439804672.000000 6.585214138 2.280797482 -0.020658884 -0.022763586 -0.017086886 -0.870226324 0.491829306
1520621234541031680.000000 6.290024281 2.338812828 -0.036751457 -0.028221462 -0.006445861 -0.863019705 0.504340231
1520621234641035520.000000 5.996898174 2.375290394 -0.067438893 -0.023710540 0.009715627 -0.850891113 0.524716914
1520621234741037568.000000 5.708824158 2.388565302 -0.049937718 -0.017061999 -0.018202526 -0.819085896 0.573128223
1520621234841041664.000000 5.425496578 2.405916691 -0.031033941 -0.009702784 -0.025931792 -0.814334631 0.579734981
1520621234941852672.000000 5.136292458 2.441460133 -0.050037097 -0.031198215 -0.011846607 -0.824075520 0.565496206
1520621235041855744.000000 4.852475166 2.498094320 -0.072873890 -0.020819966 0.025478130 -0.845830560 0.532436132
1520621235141858816.000000 4.582308769 2.568570614 -0.041332193 0.000179808 0.000720189 -0.859978676 0.510329425
1520621235241861632.000000 4.311725616 2.629703045 -0.002196446 -0.028672840 0.003547792 -0.860688329 0.508311749
1520621235340320256.000000 4.039402962 2.678812742 -0.015778434 -0.045242459 0.022347288 -0.860548854 0.506862283
1520621235440323328.000000 3.770463943 2.701431274 -0.034596305 -0.056931756 0.045091152 -0.841275334 0.535706460
1520621235540326400.000000 3.514622211 2.704531193 -0.017975606 -0.017849311 0.002566268 -0.826364100 0.562847435
1520621235640329216.000000 3.263306856 2.719824076 -0.009292267 -0.028899619 -0.022286694 -0.830703735 0.555517256
1520621235741435136.000000 3.009848595 2.749806881 -0.034649868 -0.068525903 -0.002953786 -0.840386391 0.537630260
1520621235841438208.000000 2.770906687 2.789693594 -0.055051040 -0.054106586 0.032625187 -0.853261411 0.517641842
1520621235991443200.000000 2.451089621 2.857504606 -0.024754420 -0.026096135 0.011190603 -0.866213918 0.498865962
1520621236147006720.000000 2.124630928 2.906423330 -0.050354786 -0.069528714 0.027179686 -0.853674889 0.515428126
1520621237196888064.000000 0.493124574 3.106898785 -0.059312545 -0.012131561 -0.008092971 -0.839015007 0.543912947
1520621237597492736.000000 0.081165612 3.147895575 -0.060216583 -0.027239271 0.018597681 -0.826465905 0.562019944
1520621237747497728.000000 -0.032293685 3.169664860 -0.054713052 -0.020714838 0.025242306 -0.836591721 0.546852767
1520621238147605760.000000 -0.129139900 3.215056896 -0.016864479 -0.050702240 0.026169784 -0.846424937 0.529442489
1520621238697167360.000000 0.112487033 3.218393087 -0.046992742 -0.032607682 -0.008741447 -0.816962123 0.575702310
1520621239197638912.000000 0.427877843 3.181066036 -0.035264350 -0.022740306 -0.006924855 -0.793371797 0.608273089
1520621239597669120.000000 0.741097450 3.110298395 -0.042902790 -0.002190766 -0.022501405 -0.801786661 0.597182691
1520621240097685248.000000 1.149259686 3.075795174 -0.070555717 0.001454902 -0.013978808 -0.762518823 0.646813333
1520621240597700096.000000 1.602228284 3.019501448 -0.059585378 0.016272301 -0.015322964 -0.731664419 0.681298494
1520621241597731072.000000 2.348804235 2.850523710 -0.075279370 0.026838642 -0.018368803 -0.691682935 0.721468687
1520621241847739136.000000 2.497747183 2.830968618 -0.092036456 0.037248746 -0.048305806 -0.691334248 0.719955683
1520621242692972544.000000 2.626134872 2.566113710 -0.071722850 0.044513296 -0.012318508 -0.495258629 0.867516994
1520621242942980608.000000 2.618799448 2.410045147 -0.064585082 0.037754625 -0.010535360 -0.417335600 0.907906771
1520621243140573696.000000 2.609456062 2.292044401 -0.055820644 0.032064706 -0.012352373 -0.358911097 0.932739079
1520621243440582656.000000 2.578063011 2.101970673 -0.067033961 0.040432882 -0.022541661 -0.287784100 0.956575930
1520621243589565696.000000 2.549433947 1.988805294 -0.078611851 0.041482296 -0.032667637 -0.268714726 0.961771548
1520621243989388800.000000 2.464406490 1.658667564 -0.067341149 0.047568236 -0.037521236 -0.196743891 0.978581309
1520621244489480192.000000 2.285331011 1.198625803 -0.076499455 0.053462870 -0.024973359 -0.227311745 0.972032666
1520621244689486080.000000 2.164830685 1.036657691 -0.065730393 0.037687432 -0.058361620 -0.260798842 0.962890267
1520621245190172928.000000 1.779330254 0.665678680 -0.041806333 0.029681211 -0.060576741 -0.268032700 0.961045265
1520621245290175744.000000 1.694438457 0.599819899 -0.037915677 0.018945727 -0.052967675 -0.272389084 0.960541368
1520621245639939584.000000 1.376597643 0.371717930 -0.056448627 0.037883975 -0.044023018 -0.323540688 0.944430172
1520621245939949568.000000 1.086199045 0.244578570 -0.037821341 0.019268807 -0.060722295 -0.383992940 0.921135724
1520621246589455360.000000 0.460007817 0.065230779 -0.038476992 -0.009658091 0.065064728 0.393748790 -0.916861653
1520621249589041920.000000 -0.201894850 -0.248048872 0.323252976 -0.014185933 -0.010171775 0.076005936 -0.996954620
1520621252139163136.000000 -0.188872039 -0.208959877 0.298731029 0.070183821 0.293216884 -0.044215217 0.952440679
1520621252689250816.000000 -0.197063386 -0.205222726 0.271685123 -0.004067899 0.190426156 0.098941922 -0.976694286
1520621255239164928.000000 0.020693675 -0.241961271 0.289333105 0.063288562 -0.024776179 0.283633560 0.956521213
1520621258039362048.000000 0.370063335 -0.536520123 0.275089383 0.021277821 0.012116019 0.131714091 0.990985334
1520621260639401472.000000 -0.464525998 -0.364896208 -0.009563655 0.053457808 -0.072176859 -0.092817016 0.991623878
1520621263339537664.000000 0.831948519 -0.004202645 -0.088426404 0.074180603 0.006563322 0.124742769 0.989390433
1520621263439540736.000000 0.944646657 -0.017887533 -0.027655154 0.090513431 -0.012633855 0.137116045 0.986330032
1520621263839747840.000000 1.085542917 -0.231091291 0.257889688 0.052230608 -0.062997334 0.089893863 0.992583752
1520621264239852544.000000 0.963304818 -0.559418917 0.419554353 -0.007067018 0.014391312 -0.047188282 -0.998757362
1520621264739595776.000000 0.692325234 -0.865144432 0.383719414 0.050288692 0.012278846 -0.028626833 -0.998248875
1520621265239617536.000000 0.272584438 -0.861485004 0.110578634 -0.001512542 -0.037693195 -0.035220452 -0.998667359
1520621265739985920.000000 -0.197422758 -0.467131734 -0.128722385 0.076287366 0.037701678 0.000239176 0.996372819
1520621265990137088.000000 -0.437501550 -0.202462688 -0.173314095 0.129150167 0.041499775 -0.003463130 0.990750253
1520621266440282112.000000 -0.904839873 0.182504237 -0.181576073 0.104746409 0.007347709 -0.108006015 0.988589406
1520621266839957248.000000 -1.125599504 0.296147048 0.073150769 0.075623341 0.047238808 -0.234555081 0.968005002
1520621267089966080.000000 -1.026338696 0.216457412 0.255336910 0.026192738 0.082992464 -0.218407542 0.971969306
1520621267539818240.000000 -0.525393367 0.025617808 0.224262789 0.025829135 0.014588649 -0.054171491 0.998090982
1520621267739764736.000000 -0.303137422 -0.044641361 0.117047034 0.086465403 -0.006038934 0.023154143 0.995967448
1520621268139873792.000000 0.005440217 -0.228537366 0.000913106 0.135407314 -0.057845678 0.073995195 0.986328244
1520621268640065792.000000 0.130840510 -0.459729314 0.071552284 0.058625817 -0.021753743 0.032604244 0.997510314
1520621269189877248.000000 0.098026246 -0.624032795 0.067145556 -0.004389931 0.003404655 0.121403143 -0.992587805
1520621269689914368.000000 0.084807739 -0.670147419 0.038407698 -0.017213061 -0.005183265 0.108043015 -0.993983746
1520621270189972992.000000 0.075708605 -0.707872093 0.085857600 -0.000867029 -0.001422351 0.108538963 -0.994090855
1520621270589947136.000000 0.072986081 -0.721794844 0.106998980 0.010707633 -0.010520373 0.106683858 -0.994179726
1520621271139931648.000000 0.069287509 -0.715849400 0.117866009 0.021810856 -0.010396644 0.093335807 -0.995341539
1520621271689900288.000000 0.069657043 -0.705214858 0.109813124 0.012467643 -0.009050870 0.081428878 -0.996560097
1520621272189937152.000000 0.056502871 -0.699418485 0.105058424 0.012685411 -0.010878500 0.087686695 -0.996007979
